001111110000000000000000110
101111111000000000111111000
011111111000000000111111100
111111111111111111111111110
111111111111111111111111110
111111111111111111111111100
111111111000000000111111110
101111111000000000111111101
000111101000001100011111000
000111000000000100000000010
000111000000011000000000000
000111000001111110000000000
011111110000110000000000000
011111100001111000011000100
111111110000100000111111110
111111111000000001111111000
001111110000000011111111000
011111111000000001111111110
001111110000000100111111100
001111110000000110011110000
100011111000000000011100000
000001110000000000111100000
000000111100001111110000000
000000011111001111100000000
000010001111111110000000100
000000011111111111000011000
000000011111110000110000000